# Columns: t (s), T_gam (MeV), T_nue (MeV), T_numu (MeV), mu_nue (MeV), mu_numu (MeV), z
 7.38651707e-03    1.00000000e+01    1.00000000e+01    1.00000000e+01    0.00000000e+00   0.00000000e+00    1.00000000e+00
 7.38756625e-03    9.99929003e+00    9.99928995e+00    9.99928995e+00   -3.00708117e-09  -3.00708117e-09    1.00000001e+00
 7.38861543e-03    9.99858022e+00    9.99858006e+00    9.99858006e+00   -8.93467156e-09  -8.93467156e-09    1.00000002e+00
 7.39071380e-03    9.99716088e+00    9.99716057e+00    9.99716057e+00   -2.64577952e-08  -2.64577952e-08    1.00000003e+00
 7.39281216e-03    9.99574215e+00    9.99574170e+00    9.99574170e+00   -5.49771349e-08  -5.49771349e-08    1.00000005e+00
 7.39491053e-03    9.99432402e+00    9.99432343e+00    9.99432343e+00   -9.38325048e-08  -9.38325048e-08    1.00000006e+00
 7.40824528e-03    9.98532606e+00    9.98532479e+00    9.98532479e+00   -5.46911389e-07  -5.46911389e-07    1.00000016e+00
 7.42158003e-03    9.97635228e+00    9.97635056e+00    9.97635056e+00   -1.26000628e-06  -1.26000628e-06    1.00000024e+00
 7.43491478e-03    9.96740259e+00    9.96740059e+00    9.96740059e+00   -2.13831963e-06  -2.13831963e-06    1.00000032e+00
 7.44824953e-03    9.95847690e+00    9.95847473e+00    9.95847473e+00   -3.11449724e-06  -3.11449724e-06    1.00000039e+00
 7.46541571e-03    9.94702180e+00    9.94701955e+00    9.94701955e+00   -4.43915598e-06  -4.43915598e-06    1.00000048e+00
 7.48258188e-03    9.93560610e+00    9.93560385e+00    9.93560385e+00   -5.77648822e-06  -5.77648822e-06    1.00000057e+00
 7.49974806e-03    9.92422959e+00    9.92422740e+00    9.92422740e+00   -7.08504948e-06  -7.08504948e-06    1.00000065e+00
 7.51691423e-03    9.91289204e+00    9.91288995e+00    9.91288995e+00   -8.33999113e-06  -8.33999113e-06    1.00000073e+00
 7.54066341e-03    9.89727056e+00    9.89726861e+00    9.89726861e+00   -9.96366786e-06  -9.96366786e-06    1.00000083e+00
 7.56441258e-03    9.88172268e+00    9.88172089e+00    9.88172089e+00   -1.14435825e-05  -1.14435825e-05    1.00000094e+00
 7.58816176e-03    9.86624783e+00    9.86624621e+00    9.86624621e+00   -1.27816589e-05  -1.27816589e-05    1.00000104e+00
 7.61191093e-03    9.85084545e+00    9.85084398e+00    9.85084398e+00   -1.39858875e-05  -1.39858875e-05    1.00000115e+00
 7.62976464e-03    9.83931390e+00    9.83931253e+00    9.83931253e+00   -1.48098197e-05  -1.48098197e-05    1.00000122e+00
 7.64761835e-03    9.82782275e+00    9.82782148e+00    9.82782148e+00   -1.55693201e-05  -1.55693201e-05    1.00000130e+00
 7.66547206e-03    9.81637177e+00    9.81637058e+00    9.81637058e+00   -1.62694150e-05  -1.62694150e-05    1.00000138e+00
 7.74085185e-03    9.76846257e+00    9.76846168e+00    9.76846168e+00   -1.86683674e-05  -1.86683674e-05    1.00000169e+00
 7.75969680e-03    9.75659442e+00    9.75659359e+00    9.75659359e+00   -1.91577220e-05  -1.91577220e-05    1.00000177e+00
 7.77854175e-03    9.74476943e+00    9.74476866e+00    9.74476866e+00   -1.96133151e-05  -1.96133151e-05    1.00000185e+00
 7.79738669e-03    9.73298734e+00    9.73298661e+00    9.73298661e+00   -2.00355156e-05  -2.00355156e-05    1.00000193e+00
 7.81623164e-03    9.72124788e+00    9.72124720e+00    9.72124720e+00   -2.04277073e-05  -2.04277073e-05    1.00000201e+00
 7.83866533e-03    9.70732801e+00    9.70732737e+00    9.70732737e+00   -2.08604620e-05  -2.08604620e-05    1.00000210e+00
 7.86109902e-03    9.69346777e+00    9.69346717e+00    9.69346717e+00   -2.12597037e-05  -2.12597037e-05    1.00000220e+00
 7.88353271e-03    9.67966674e+00    9.67966617e+00    9.67966617e+00   -2.16293338e-05  -2.16293338e-05    1.00000229e+00
 7.96319269e-03    9.63113299e+00    9.63113252e+00    9.63113252e+00   -2.27463390e-05  -2.27463390e-05    1.00000262e+00
 8.02553144e-03    9.59365729e+00    9.59365687e+00    9.59365687e+00   -2.34696673e-05  -2.34696673e-05    1.00000288e+00
 8.08787018e-03    9.55661571e+00    9.55661533e+00    9.55661533e+00   -2.40990218e-05  -2.40990218e-05    1.00000314e+00
 8.15020893e-03    9.51999993e+00    9.51999958e+00    9.51999958e+00   -2.46607225e-05  -2.46607225e-05    1.00000340e+00
 8.21254767e-03    9.48380186e+00    9.48380152e+00    9.48380152e+00   -2.51743402e-05  -2.51743402e-05    1.00000366e+00
 8.31533756e-03    9.42500647e+00    9.42500614e+00    9.42500614e+00   -2.59514005e-05  -2.59514005e-05    1.00000408e+00
 8.41812744e-03    9.36729128e+00    9.36729096e+00    9.36729096e+00   -2.66720066e-05  -2.66720066e-05    1.00000451e+00
 8.52091733e-03    9.31062363e+00    9.31062330e+00    9.31062330e+00   -2.73589121e-05  -2.73589121e-05    1.00000493e+00
 8.62370721e-03    9.25497220e+00    9.25497187e+00    9.25497187e+00   -2.80300587e-05  -2.80300587e-05    1.00000536e+00
 8.72649710e-03    9.20030698e+00    9.20030664e+00    9.20030664e+00   -2.86949210e-05  -2.86949210e-05    1.00000579e+00
 8.85336074e-03    9.13415598e+00    9.13415563e+00    9.13415563e+00   -2.95100256e-05  -2.95100256e-05    1.00000631e+00
 8.98022439e-03    9.06941174e+00    9.06941138e+00    9.06941138e+00   -3.03235146e-05  -3.03235146e-05    1.00000684e+00
 9.10708803e-03    9.00602513e+00    9.00602475e+00    9.00602475e+00   -3.11408330e-05  -3.11408330e-05    1.00000736e+00
 9.23395168e-03    8.94394934e+00    8.94394895e+00    8.94394895e+00   -3.19650820e-05  -3.19650820e-05    1.00000789e+00
 9.36081532e-03    8.88313982e+00    8.88313941e+00    8.88313941e+00   -3.27964555e-05  -3.27964555e-05    1.00000842e+00
 9.51303926e-03    8.81178597e+00    8.81178554e+00    8.81178554e+00   -3.38033109e-05  -3.38033109e-05    1.00000905e+00
 9.66526319e-03    8.74212458e+00    8.74212412e+00    8.74212412e+00   -3.48214724e-05  -3.48214724e-05    1.00000969e+00
 9.81748713e-03    8.67408976e+00    8.67408927e+00    8.67408927e+00   -3.58522895e-05  -3.58522895e-05    1.00001032e+00
 9.96971107e-03    8.60761916e+00    8.60761865e+00    8.60761865e+00   -3.68949611e-05  -3.68949611e-05    1.00001095e+00
 1.01219350e-02    8.54265373e+00    8.54265319e+00    8.54265319e+00   -3.79482796e-05  -3.79482796e-05    1.00001159e+00
 1.02741589e-02    8.47913753e+00    8.47913696e+00    8.47913696e+00   -3.90134393e-05  -3.90134393e-05    1.00001223e+00
 1.04884851e-02    8.39206387e+00    8.39206327e+00    8.39206327e+00   -4.05337733e-05  -4.05337733e-05    1.00001312e+00
 1.07028112e-02    8.30761905e+00    8.30761841e+00    8.30761841e+00   -4.20783501e-05  -4.20783501e-05    1.00001402e+00
 1.09171373e-02    8.22567338e+00    8.22567270e+00    8.22567270e+00   -4.36447563e-05  -4.36447563e-05    1.00001492e+00
 1.11314634e-02    8.14610597e+00    8.14610524e+00    8.14610524e+00   -4.52322560e-05  -4.52322560e-05    1.00001581e+00
 1.13457895e-02    8.06880395e+00    8.06880317e+00    8.06880317e+00   -4.68426839e-05  -4.68426839e-05    1.00001671e+00
 1.15601156e-02    7.99366185e+00    7.99366103e+00    7.99366103e+00   -4.84761341e-05  -4.84761341e-05    1.00001762e+00
 1.18229706e-02    7.90431008e+00    7.90430919e+00    7.90430919e+00   -5.05073718e-05  -5.05073718e-05    1.00001872e+00
 1.20858256e-02    7.81788944e+00    7.81788848e+00    7.81788848e+00   -5.25683068e-05  -5.25683068e-05    1.00001983e+00
 1.23486807e-02    7.73424308e+00    7.73424205e+00    7.73424205e+00   -5.46613247e-05  -5.46613247e-05    1.00002094e+00
 1.26115357e-02    7.65322567e+00    7.65322458e+00    7.65322458e+00   -5.67865194e-05  -5.67865194e-05    1.00002205e+00
 1.28743907e-02    7.57470235e+00    7.57470118e+00    7.57470118e+00   -5.89395899e-05  -5.89395899e-05    1.00002316e+00
 1.31372457e-02    7.49854771e+00    7.49854646e+00    7.49854646e+00   -6.11189298e-05  -6.11189298e-05    1.00002428e+00
 1.34001007e-02    7.42464503e+00    7.42464370e+00    7.42464370e+00   -6.33296003e-05  -6.33296003e-05    1.00002539e+00
 1.36629558e-02    7.35288546e+00    7.35288404e+00    7.35288404e+00   -6.55739297e-05  -6.55739297e-05    1.00002651e+00
 1.39258108e-02    7.28316738e+00    7.28316588e+00    7.28316588e+00   -6.78429024e-05  -6.78429024e-05    1.00002763e+00
 1.42234995e-02    7.20655593e+00    7.20655433e+00    7.20655433e+00   -7.04396519e-05  -7.04396519e-05    1.00002889e+00
 1.45211883e-02    7.13231264e+00    7.13231092e+00    7.13231092e+00   -7.30699363e-05  -7.30699363e-05    1.00003016e+00
 1.48188770e-02    7.06031795e+00    7.06031612e+00    7.06031612e+00   -7.57376140e-05  -7.57376140e-05    1.00003144e+00
 1.51165658e-02    6.99046060e+00    6.99045866e+00    6.99045866e+00   -7.84382483e-05  -7.84382483e-05    1.00003271e+00
 1.54142545e-02    6.92263691e+00    6.92263484e+00    6.92263484e+00   -8.11669005e-05  -8.11669005e-05    1.00003399e+00
 1.57119433e-02    6.85675007e+00    6.85674787e+00    6.85674787e+00   -8.39259921e-05  -8.39259921e-05    1.00003526e+00
 1.60528668e-02    6.78355718e+00    6.78355483e+00    6.78355483e+00   -8.71252984e-05  -8.71252984e-05    1.00003673e+00
 1.63937904e-02    6.71265959e+00    6.71265708e+00    6.71265708e+00   -9.03650258e-05  -9.03650258e-05    1.00003820e+00
 1.67347139e-02    6.64393977e+00    6.64393709e+00    6.64393709e+00   -9.36399026e-05  -9.36399026e-05    1.00003967e+00
 1.70756375e-02    6.57728847e+00    6.57728563e+00    6.57728563e+00   -9.69489895e-05  -9.69489895e-05    1.00004114e+00
 1.74165610e-02    6.51260397e+00    6.51260095e+00    6.51260095e+00   -1.00295851e-04  -1.00295851e-04    1.00004262e+00
 1.77574845e-02    6.44979141e+00    6.44978820e+00    6.44978820e+00   -1.03679949e-04  -1.03679949e-04    1.00004410e+00
 1.81410611e-02    6.38124816e+00    6.38124473e+00    6.38124473e+00   -1.07524297e-04  -1.07524297e-04    1.00004576e+00
 1.85246376e-02    6.31484510e+00    6.31484144e+00    6.31484144e+00   -1.11403418e-04  -1.11403418e-04    1.00004743e+00
 1.89082142e-02    6.25047311e+00    6.25046922e+00    6.25046922e+00   -1.15324558e-04  -1.15324558e-04    1.00004910e+00
 1.92917908e-02    6.18803074e+00    6.18802661e+00    6.18802661e+00   -1.19293044e-04  -1.19293044e-04    1.00005078e+00
 1.96753673e-02    6.12742346e+00    6.12741908e+00    6.12741908e+00   -1.23297645e-04  -1.23297645e-04    1.00005246e+00
 2.00589439e-02    6.06856313e+00    6.06855848e+00    6.06855848e+00   -1.27324462e-04  -1.27324462e-04    1.00005414e+00
 2.04425204e-02    6.01136741e+00    6.01136248e+00    6.01136248e+00   -1.31382094e-04  -1.31382094e-04    1.00005583e+00
 2.08260970e-02    5.95575928e+00    5.95575408e+00    5.95575408e+00   -1.35491672e-04  -1.35491672e-04    1.00005751e+00
 2.12096736e-02    5.90166665e+00    5.90166117e+00    5.90166117e+00   -1.39639387e-04  -1.39639387e-04    1.00005921e+00
 2.15164468e-02    5.85945010e+00    5.85944438e+00    5.85944438e+00   -1.42964387e-04  -1.42964387e-04    1.00006056e+00
 2.18232201e-02    5.81812693e+00    5.81812096e+00    5.81812096e+00   -1.46304422e-04  -1.46304422e-04    1.00006192e+00
 2.21299934e-02    5.77766607e+00    5.77765985e+00    5.77765985e+00   -1.49671782e-04  -1.49671782e-04    1.00006328e+00
 2.24367666e-02    5.73803794e+00    5.73803146e+00    5.73803146e+00   -1.53062062e-04  -1.53062062e-04    1.00006464e+00
 2.27435399e-02    5.69921436e+00    5.69920762e+00    5.69920762e+00   -1.56463549e-04  -1.56463549e-04    1.00006600e+00
 2.30503132e-02    5.66116848e+00    5.66116147e+00    5.66116147e+00   -1.59876776e-04  -1.59876776e-04    1.00006737e+00
 2.33939160e-02    5.61944677e+00    5.61943945e+00    5.61943945e+00   -1.63723660e-04  -1.63723660e-04    1.00006890e+00
 2.37375189e-02    5.57863432e+00    5.57862668e+00    5.57862668e+00   -1.67598617e-04  -1.67598617e-04    1.00007043e+00
 2.40811217e-02    5.53869857e+00    5.53869061e+00    5.53869061e+00   -1.71490814e-04  -1.71490814e-04    1.00007197e+00
 2.44247246e-02    5.49960858e+00    5.49960028e+00    5.49960028e+00   -1.75393582e-04  -1.75393582e-04    1.00007351e+00
 2.47683275e-02    5.46133492e+00    5.46132628e+00    5.46132628e+00   -1.79314166e-04  -1.79314166e-04    1.00007505e+00
 2.51119303e-02    5.42384957e+00    5.42384058e+00    5.42384058e+00   -1.83259530e-04  -1.83259530e-04    1.00007660e+00
 2.54555332e-02    5.38712583e+00    5.38711649e+00    5.38711649e+00   -1.87223454e-04  -1.87223454e-04    1.00007814e+00
 2.57991360e-02    5.35113826e+00    5.35112855e+00    5.35112855e+00   -1.91196493e-04  -1.91196493e-04    1.00007969e+00
 2.61427389e-02    5.31586259e+00    5.31585250e+00    5.31585250e+00   -1.95181183e-04  -1.95181183e-04    1.00008124e+00
 2.65724173e-02    5.27271659e+00    5.27270602e+00    5.27270602e+00   -2.00189948e-04  -2.00189948e-04    1.00008319e+00
 2.70020957e-02    5.23060466e+00    5.23059360e+00    5.23059360e+00   -2.05230382e-04  -2.05230382e-04    1.00008514e+00
 2.74317741e-02    5.18948616e+00    5.18947460e+00    5.18947460e+00   -2.10288551e-04  -2.10288551e-04    1.00008709e+00
 2.78614524e-02    5.14932264e+00    5.14931056e+00    5.14931056e+00   -2.15355438e-04  -2.15355438e-04    1.00008905e+00
 2.82911308e-02    5.11007770e+00    5.11006508e+00    5.11006508e+00   -2.20439750e-04  -2.20439750e-04    1.00009101e+00
 2.87208092e-02    5.07171684e+00    5.07170368e+00    5.07170368e+00   -2.25548960e-04  -2.25548960e-04    1.00009297e+00
 2.91504876e-02    5.03420737e+00    5.03419365e+00    5.03419365e+00   -2.30679192e-04  -2.30679192e-04    1.00009494e+00
 2.95801660e-02    4.99751826e+00    4.99750397e+00    4.99750397e+00   -2.35822970e-04  -2.35822970e-04    1.00009691e+00
 3.00098444e-02    4.96162003e+00    4.96160517e+00    4.96160517e+00   -2.40978387e-04  -2.40978387e-04    1.00009889e+00
 3.06598595e-02    4.90875468e+00    4.90873890e+00    4.90873890e+00   -2.48798958e-04  -2.48798958e-04    1.00010188e+00
 3.13098746e-02    4.85754443e+00    4.85752771e+00    4.85752771e+00   -2.56652054e-04  -2.56652054e-04    1.00010489e+00
 3.19598897e-02    4.80790470e+00    4.80788702e+00    4.80788702e+00   -2.64536610e-04  -2.64536610e-04    1.00010790e+00
 3.26099048e-02    4.75975682e+00    4.75973815e+00    4.75973815e+00   -2.72443726e-04  -2.72443726e-04    1.00011092e+00
 3.32599199e-02    4.71302754e+00    4.71300784e+00    4.71300784e+00   -2.80367108e-04  -2.80367108e-04    1.00011395e+00
 3.39099350e-02    4.66764854e+00    4.66762779e+00    4.66762779e+00   -2.88306753e-04  -2.88306753e-04    1.00011699e+00
 3.46544652e-02    4.61724832e+00    4.61722633e+00    4.61722633e+00   -2.97420588e-04  -2.97420588e-04    1.00012049e+00
 3.53989955e-02    4.56844684e+00    4.56842356e+00    4.56842356e+00   -3.06551925e-04  -3.06551925e-04    1.00012399e+00
 3.61435258e-02    4.52116131e+00    4.52113671e+00    4.52113671e+00   -3.15694857e-04  -3.15694857e-04    1.00012751e+00
 3.68880560e-02    4.47531486e+00    4.47528890e+00    4.47528890e+00   -3.24845729e-04  -3.24845729e-04    1.00013103e+00
 3.76325863e-02    4.43083595e+00    4.43080859e+00    4.43080859e+00   -3.34003218e-04  -3.34003218e-04    1.00013457e+00
 3.83771166e-02    4.38765792e+00    4.38762913e+00    4.38762913e+00   -3.43165193e-04  -3.43165193e-04    1.00013812e+00
 3.92165771e-02    4.34045721e+00    4.34042676e+00    4.34042676e+00   -3.53496157e-04  -3.53496157e-04    1.00014214e+00
 4.00560376e-02    4.29474838e+00    4.29471621e+00    4.29471621e+00   -3.63823119e-04  -3.63823119e-04    1.00014616e+00
 4.08954982e-02    4.25045447e+00    4.25042053e+00    4.25042053e+00   -3.74143155e-04  -3.74143155e-04    1.00015021e+00
 4.17349587e-02    4.20750395e+00    4.20746821e+00    4.20746821e+00   -3.84454131e-04  -3.84454131e-04    1.00015426e+00
 4.25744192e-02    4.16583028e+00    4.16579268e+00    4.16579268e+00   -3.94752722e-04  -3.94752722e-04    1.00015833e+00
 4.34138797e-02    4.12537142e+00    4.12533193e+00    4.12533193e+00   -4.05034943e-04  -4.05034943e-04    1.00016242e+00
 4.43608441e-02    4.08111714e+00    4.08107545e+00    4.08107545e+00   -4.16610807e-04  -4.16610807e-04    1.00016704e+00
 4.53078084e-02    4.03825786e+00    4.03821390e+00    4.03821390e+00   -4.28159191e-04  -4.28159191e-04    1.00017168e+00
 4.62547728e-02    3.99672179e+00    3.99667552e+00    3.99667552e+00   -4.39676927e-04  -4.39676927e-04    1.00017634e+00
 4.72017372e-02    3.95644224e+00    3.95639360e+00    3.95639360e+00   -4.51160447e-04  -4.51160447e-04    1.00018101e+00
 4.81487015e-02    3.91735712e+00    3.91730604e+00    3.91730604e+00   -4.62606382e-04  -4.62606382e-04    1.00018571e+00
 4.90956659e-02    3.87940854e+00    3.87935498e+00    3.87935498e+00   -4.74011938e-04  -4.74011938e-04    1.00019041e+00
 5.01725318e-02    3.83756691e+00    3.83751045e+00    3.83751045e+00   -4.86929840e-04  -4.86929840e-04    1.00019579e+00
 5.12493978e-02    3.79705133e+00    3.79699192e+00    3.79699192e+00   -4.99788804e-04  -4.99788804e-04    1.00020118e+00
 5.23262637e-02    3.75779324e+00    3.75773079e+00    3.75773079e+00   -5.12585412e-04  -5.12585412e-04    1.00020660e+00
 5.34031296e-02    3.71972890e+00    3.71966335e+00    3.71966335e+00   -5.25316531e-04  -5.25316531e-04    1.00021204e+00
 5.44799956e-02    3.68279903e+00    3.68273031e+00    3.68273031e+00   -5.37979413e-04  -5.37979413e-04    1.00021749e+00
 5.55568615e-02    3.64694839e+00    3.64687643e+00    3.64687643e+00   -5.50571580e-04  -5.50571580e-04    1.00022297e+00
 5.67785367e-02    3.60751841e+00    3.60744271e+00    3.60744271e+00   -5.64768503e-04  -5.64768503e-04    1.00022921e+00
 5.80002120e-02    3.56934116e+00    3.56926163e+00    3.56926163e+00   -5.78868299e-04  -5.78868299e-04    1.00023547e+00
 5.92218872e-02    3.53235169e+00    3.53226824e+00    3.53226824e+00   -5.92868197e-04  -5.92868197e-04    1.00024177e+00
 6.04435625e-02    3.49648967e+00    3.49640222e+00    3.49640222e+00   -6.06765775e-04  -6.06765775e-04    1.00024808e+00
 6.16652377e-02    3.46169897e+00    3.46160745e+00    3.46160745e+00   -6.20558871e-04  -6.20558871e-04    1.00025442e+00
 6.28869129e-02    3.42792731e+00    3.42783165e+00    3.42783165e+00   -6.34245540e-04  -6.34245540e-04    1.00026079e+00
 6.42726820e-02    3.39079148e+00    3.39069102e+00    3.39069102e+00   -6.49639606e-04  -6.49639606e-04    1.00026804e+00
 6.56584510e-02    3.35483793e+00    3.35473257e+00    3.35473257e+00   -6.64892407e-04  -6.64892407e-04    1.00027532e+00
 6.70442200e-02    3.32000523e+00    3.31989489e+00    3.31989489e+00   -6.80002146e-04  -6.80002146e-04    1.00028263e+00
 6.84299890e-02    3.28623635e+00    3.28612093e+00    3.28612093e+00   -6.94967326e-04  -6.94967326e-04    1.00028997e+00
 6.98157580e-02    3.25347824e+00    3.25335765e+00    3.25335765e+00   -7.09786717e-04  -7.09786717e-04    1.00029734e+00
 7.12015270e-02    3.22168146e+00    3.22155562e+00    3.22155562e+00   -7.24459341e-04  -7.24459341e-04    1.00030475e+00
 7.27742874e-02    3.18670056e+00    3.18656865e+00    3.18656865e+00   -7.40933103e-04  -7.40933103e-04    1.00031318e+00
 7.43470477e-02    3.15283596e+00    3.15269788e+00    3.15269788e+00   -7.57216117e-04  -7.57216117e-04    1.00032165e+00
 7.59198081e-02    3.12002954e+00    3.11988518e+00    3.11988518e+00   -7.73307948e-04  -7.73307948e-04    1.00033016e+00
 7.74925684e-02    3.08822732e+00    3.08807659e+00    3.08807659e+00   -7.89208444e-04  -7.89208444e-04    1.00033871e+00
 7.90653288e-02    3.05737912e+00    3.05722192e+00    3.05722192e+00   -8.04917714e-04  -8.04917714e-04    1.00034729e+00
 8.06380891e-02    3.02743819e+00    3.02727441e+00    3.02727441e+00   -8.20436098e-04  -8.20436098e-04    1.00035591e+00
 8.24233811e-02    2.99449562e+00    2.99432427e+00    2.99432427e+00   -8.37820915e-04  -8.37820915e-04    1.00036573e+00
 8.42086730e-02    2.96260668e+00    2.96242764e+00    2.96242764e+00   -8.54961586e-04  -8.54961586e-04    1.00037560e+00
 8.59939650e-02    2.93171639e+00    2.93152955e+00    2.93152955e+00   -8.71859487e-04  -8.71859487e-04    1.00038551e+00
 8.77792569e-02    2.90177372e+00    2.90157897e+00    2.90157897e+00   -8.88516233e-04  -8.88516233e-04    1.00039546e+00
 8.95645488e-02    2.87273120e+00    2.87252843e+00    2.87252843e+00   -9.04933656e-04  -9.04933656e-04    1.00040545e+00
 9.13498408e-02    2.84454463e+00    2.84433375e+00    2.84433375e+00   -9.21113772e-04  -9.21113772e-04    1.00041549e+00
 9.33773541e-02    2.81351972e+00    2.81329949e+00    2.81329949e+00   -9.39204128e-04  -9.39204128e-04    1.00042694e+00
 9.54048674e-02    2.78348956e+00    2.78325987e+00    2.78325987e+00   -9.56994646e-04  -9.56994646e-04    1.00043843e+00
 9.74323807e-02    2.75440213e+00    2.75416286e+00    2.75416286e+00   -9.74488938e-04  -9.74488938e-04    1.00044998e+00
 9.94598940e-02    2.72620913e+00    2.72596016e+00    2.72596016e+00   -9.91690780e-04  -9.91690780e-04    1.00046158e+00
 1.01487407e-01    2.69886566e+00    2.69860689e+00    2.69860689e+00   -1.00860409e-03  -1.00860409e-03    1.00047323e+00
 1.03514921e-01    2.67232991e+00    2.67206123e+00    2.67206123e+00   -1.02523290e-03  -1.02523290e-03    1.00048492e+00
 1.05818894e-01    2.64310698e+00    2.64282691e+00    2.64282691e+00   -1.04378900e-03  -1.04378900e-03    1.00049827e+00
 1.08122867e-01    2.61482363e+00    2.61453205e+00    2.61453205e+00   -1.06198920e-03  -1.06198920e-03    1.00051167e+00
 1.10426841e-01    2.58743058e+00    2.58712737e+00    2.58712737e+00   -1.07983973e-03  -1.07983973e-03    1.00052514e+00
 1.12730814e-01    2.56088211e+00    2.56056715e+00    2.56056715e+00   -1.09734687e-03  -1.09734687e-03    1.00053866e+00
 1.15034788e-01    2.53513571e+00    2.53480889e+00    2.53480889e+00   -1.11451695e-03  -1.11451695e-03    1.00055223e+00
 1.17338761e-01    2.51015180e+00    2.50981303e+00    2.50981303e+00   -1.13135630e-03  -1.13135630e-03    1.00056587e+00
 1.19957311e-01    2.48263574e+00    2.48228324e+00    2.48228324e+00   -1.15010129e-03  -1.15010129e-03    1.00058142e+00
 1.22575860e-01    2.45600669e+00    2.45564036e+00    2.45564036e+00   -1.16843646e-03  -1.16843646e-03    1.00059705e+00
 1.25194410e-01    2.43021803e+00    2.42983774e+00    2.42983774e+00   -1.18637096e-03  -1.18637096e-03    1.00061274e+00
 1.27812960e-01    2.40522648e+00    2.40483212e+00    2.40483212e+00   -1.20391386e-03  -1.20391386e-03    1.00062850e+00
 1.30431509e-01    2.38099183e+00    2.38058330e+00    2.38058330e+00   -1.22107412e-03  -1.22107412e-03    1.00064432e+00
 1.33050059e-01    2.35747664e+00    2.35705384e+00    2.35705384e+00   -1.23786058e-03  -1.23786058e-03    1.00066021e+00
 1.36027818e-01    2.33156573e+00    2.33112659e+00    2.33112659e+00   -1.25650658e-03  -1.25650658e-03    1.00067835e+00
 1.39005577e-01    2.30649249e+00    2.30603689e+00    2.30603689e+00   -1.27469297e-03  -1.27469297e-03    1.00069656e+00
 1.41983337e-01    2.28221276e+00    2.28174060e+00    2.28174060e+00   -1.29243204e-03  -1.29243204e-03    1.00071485e+00
 1.44961096e-01    2.25868559e+00    2.25819677e+00    2.25819677e+00   -1.30973581e-03  -1.30973581e-03    1.00073322e+00
 1.47938855e-01    2.23587289e+00    2.23536731e+00    2.23536731e+00   -1.32661602e-03  -1.32661602e-03    1.00075165e+00
 1.50916614e-01    2.21373925e+00    2.21321683e+00    2.21321683e+00   -1.34308410e-03  -1.34308410e-03    1.00077016e+00
 1.54305118e-01    2.18933667e+00    2.18879499e+00    2.18879499e+00   -1.36133663e-03  -1.36133663e-03    1.00079130e+00
 1.57693622e-01    2.16572552e+00    2.16516448e+00    2.16516448e+00   -1.37908594e-03  -1.37908594e-03    1.00081253e+00
 1.61082127e-01    2.14286397e+00    2.14228347e+00    2.14228347e+00   -1.39634752e-03  -1.39634752e-03    1.00083384e+00
 1.64470631e-01    2.12071318e+00    2.12011316e+00    2.12011316e+00   -1.41313640e-03  -1.41313640e-03    1.00085523e+00
 1.67859135e-01    2.09923711e+00    2.09861748e+00    2.09861748e+00   -1.42946713e-03  -1.42946713e-03    1.00087670e+00
 1.71247639e-01    2.07840220e+00    2.07776290e+00    2.07776290e+00   -1.44535376e-03  -1.44535376e-03    1.00089826e+00
 1.75104404e-01    2.05542860e+00    2.05476682e+00    2.05476682e+00   -1.46291272e-03  -1.46291272e-03    1.00092288e+00
 1.78961168e-01    2.03320237e+00    2.03251805e+00    2.03251805e+00   -1.47993337e-03  -1.47993337e-03    1.00094759e+00
 1.82817933e-01    2.01168387e+00    2.01097695e+00    2.01097695e+00   -1.49643434e-03  -1.49643434e-03    1.00097240e+00
 1.86674698e-01    1.99083636e+00    1.99010678e+00    1.99010678e+00   -1.51243356e-03  -1.51243356e-03    1.00099730e+00
 1.90531462e-01    1.97062570e+00    1.96987341e+00    1.96987341e+00   -1.52794828e-03  -1.52794828e-03    1.00102229e+00
 1.94388227e-01    1.95102014e+00    1.95024510e+00    1.95024510e+00   -1.54299505e-03  -1.54299505e-03    1.00104736e+00
 1.98780739e-01    1.92939055e+00    1.92858956e+00    1.92858956e+00   -1.55958232e-03  -1.55958232e-03    1.00107602e+00
 2.04752471e-01    1.90110962e+00    1.90027328e+00    1.90027328e+00   -1.58123308e-03  -1.58123308e-03    1.00111514e+00
 2.10724202e-01    1.87404082e+00    1.87316909e+00    1.87316909e+00   -1.60189550e-03  -1.60189550e-03    1.00115445e+00
 2.16695934e-01    1.84810002e+00    1.84719288e+00    1.84719288e+00   -1.62162017e-03  -1.62162017e-03    1.00119394e+00
 2.22667665e-01    1.82321107e+00    1.82226849e+00    1.82226849e+00   -1.64045467e-03  -1.64045467e-03    1.00123360e+00
 2.28639397e-01    1.79930482e+00    1.79832680e+00    1.79832680e+00   -1.65844379e-03  -1.65844379e-03    1.00127342e+00
 2.34611129e-01    1.77631829e+00    1.77530486e+00    1.77530486e+00   -1.67562968e-03  -1.67562968e-03    1.00131340e+00
 2.34632198e-01    1.77623875e+00    1.77522520e+00    1.77522520e+00   -1.67568894e-03  -1.67568894e-03    1.00131354e+00
 2.34653267e-01    1.77615922e+00    1.77514554e+00    1.77514554e+00   -1.67574819e-03  -1.67574819e-03    1.00131368e+00
 2.34674335e-01    1.77607970e+00    1.77506590e+00    1.77506590e+00   -1.67580743e-03  -1.67580743e-03    1.00131382e+00
 2.34695404e-01    1.77600020e+00    1.77498627e+00    1.77498627e+00   -1.67586666e-03  -1.67586666e-03    1.00131396e+00
 2.34716473e-01    1.77592070e+00    1.77490664e+00    1.77490664e+00   -1.67592588e-03  -1.67592588e-03    1.00131410e+00
 2.34742224e-01    1.77582355e+00    1.77480934e+00    1.77480934e+00   -1.67599825e-03  -1.67599825e-03    1.00131428e+00
 2.34767975e-01    1.77572642e+00    1.77471206e+00    1.77471206e+00   -1.67607061e-03  -1.67607061e-03    1.00131445e+00
 2.34793726e-01    1.77562930e+00    1.77461479e+00    1.77461479e+00   -1.67614295e-03  -1.67614295e-03    1.00131462e+00
 2.34819477e-01    1.77553220e+00    1.77451753e+00    1.77451753e+00   -1.67621527e-03  -1.67621527e-03    1.00131479e+00
 2.34846398e-01    1.77543070e+00    1.77441588e+00    1.77441588e+00   -1.67629087e-03  -1.67629087e-03    1.00131497e+00
 2.34873320e-01    1.77532922e+00    1.77431424e+00    1.77431424e+00   -1.67636646e-03  -1.67636646e-03    1.00131516e+00
 2.34900241e-01    1.77522776e+00    1.77421262e+00    1.77421262e+00   -1.67644202e-03  -1.67644202e-03    1.00131534e+00
 2.34927162e-01    1.77512631e+00    1.77411101e+00    1.77411101e+00   -1.67651758e-03  -1.67651758e-03    1.00131552e+00
 2.34954084e-01    1.77502489e+00    1.77400942e+00    1.77400942e+00   -1.67659311e-03  -1.67659311e-03    1.00131570e+00
 2.34981005e-01    1.77492348e+00    1.77390786e+00    1.77390786e+00   -1.67666863e-03  -1.67666863e-03    1.00131588e+00
 2.35034848e-01    1.77472071e+00    1.77370477e+00    1.77370477e+00   -1.67681963e-03  -1.67681963e-03    1.00131624e+00
 2.35088691e-01    1.77451801e+00    1.77350175e+00    1.77350175e+00   -1.67697056e-03  -1.67697056e-03    1.00131660e+00
 2.35142533e-01    1.77431538e+00    1.77329880e+00    1.77329880e+00   -1.67712144e-03  -1.67712144e-03    1.00131696e+00
 2.35680961e-01    1.77229292e+00    1.77127315e+00    1.77127315e+00   -1.67862677e-03  -1.67862677e-03    1.00132057e+00
 2.36219389e-01    1.77027738e+00    1.76925441e+00    1.76925441e+00   -1.68012596e-03  -1.68012596e-03    1.00132419e+00
 2.36757816e-01    1.76826872e+00    1.76724257e+00    1.76724257e+00   -1.68161903e-03  -1.68161903e-03    1.00132780e+00
 2.37589391e-01    1.76517991e+00    1.76414883e+00    1.76414883e+00   -1.68391302e-03  -1.68391302e-03    1.00133339e+00
 2.38420965e-01    1.76210731e+00    1.76107130e+00    1.76107130e+00   -1.68619257e-03  -1.68619257e-03    1.00133898e+00
 2.39252539e-01    1.75905076e+00    1.75800982e+00    1.75800982e+00   -1.68845779e-03  -1.68845779e-03    1.00134457e+00
 2.40084114e-01    1.75601012e+00    1.75496425e+00    1.75496425e+00   -1.69070877e-03  -1.69070877e-03    1.00135017e+00
 2.41321393e-01    1.75151518e+00    1.75046199e+00    1.75046199e+00   -1.69403182e-03  -1.69403182e-03    1.00135850e+00
 2.42558673e-01    1.74705472e+00    1.74599420e+00    1.74599420e+00   -1.69732390e-03  -1.69732390e-03    1.00136683e+00
 2.43795953e-01    1.74262830e+00    1.74156045e+00    1.74156045e+00   -1.70058532e-03  -1.70058532e-03    1.00137518e+00
 2.45033233e-01    1.73823549e+00    1.73716032e+00    1.73716032e+00   -1.70381640e-03  -1.70381640e-03    1.00138352e+00
 2.48505841e-01    1.72608240e+00    1.72498669e+00    1.72498669e+00   -1.71272545e-03  -1.71272545e-03    1.00140699e+00
 2.51978449e-01    1.71418171e+00    1.71306549e+00    1.71306549e+00   -1.72140464e-03  -1.72140464e-03    1.00143050e+00
 2.55451058e-01    1.70252483e+00    1.70138810e+00    1.70138810e+00   -1.72986045e-03  -1.72986045e-03    1.00145405e+00
 2.58923666e-01    1.69110356e+00    1.68994635e+00    1.68994635e+00   -1.73809913e-03  -1.73809913e-03    1.00147765e+00
 2.62396274e-01    1.67991009e+00    1.67873242e+00    1.67873242e+00   -1.74612673e-03  -1.74612673e-03    1.00150130e+00
 2.65868882e-01    1.66893694e+00    1.66773884e+00    1.66773884e+00   -1.75394910e-03  -1.75394910e-03    1.00152498e+00
 2.69341490e-01    1.65817699e+00    1.65695849e+00    1.65695849e+00   -1.76157191e-03  -1.76157191e-03    1.00154871e+00
 2.76240123e-01    1.63740732e+00    1.63614837e+00    1.63614837e+00   -1.77614465e-03  -1.77614465e-03    1.00159597e+00
 2.83138755e-01    1.61740251e+00    1.61610323e+00    1.61610323e+00   -1.78999205e-03  -1.78999205e-03    1.00164338e+00
 2.90037387e-01    1.59811679e+00    1.59677730e+00    1.59677730e+00   -1.80315235e-03  -1.80315235e-03    1.00169094e+00
 2.96936020e-01    1.57950811e+00    1.57812856e+00    1.57812856e+00   -1.81566137e-03  -1.81566137e-03    1.00173864e+00
 3.03834652e-01    1.56153783e+00    1.56011836e+00    1.56011836e+00   -1.82755271e-03  -1.82755271e-03    1.00178648e+00
 3.12374374e-01    1.54012388e+00    1.53865519e+00    1.53865519e+00   -1.84146425e-03  -1.84146425e-03    1.00184588e+00
 3.20914097e-01    1.51957174e+00    1.51805407e+00    1.51805407e+00   -1.85453315e-03  -1.85453315e-03    1.00190548e+00
 3.27569306e-01    1.50411602e+00    1.50256035e+00    1.50256035e+00   -1.86416712e-03  -1.86416712e-03    1.00195205e+00
 3.28718552e-01    1.50149480e+00    1.49993257e+00    1.49993257e+00   -1.86578385e-03  -1.86578385e-03    1.00196011e+00
 3.29867798e-01    1.49888730e+00    1.49731854e+00    1.49731854e+00   -1.86738707e-03  -1.86738707e-03    1.00196817e+00
 3.31017044e-01    1.49629342e+00    1.49471812e+00    1.49471812e+00   -1.86897689e-03  -1.86897689e-03    1.00197623e+00
 3.32166290e-01    1.49371304e+00    1.49213120e+00    1.49213120e+00   -1.87055341e-03  -1.87055341e-03    1.00198429e+00
 3.33315537e-01    1.49114603e+00    1.48955767e+00    1.48955767e+00   -1.87211674e-03  -1.87211674e-03    1.00199235e+00
 3.35614029e-01    1.48605171e+00    1.48445029e+00    1.48445029e+00   -1.87520430e-03  -1.87520430e-03    1.00200850e+00
 3.37912521e-01    1.48100953e+00    1.47939510e+00    1.47939510e+00   -1.87824041e-03  -1.87824041e-03    1.00202465e+00
 3.40211014e-01    1.47601863e+00    1.47439119e+00    1.47439119e+00   -1.88122593e-03  -1.88122593e-03    1.00204082e+00
 3.42509506e-01    1.47107814e+00    1.46943771e+00    1.46943771e+00   -1.88416167e-03  -1.88416167e-03    1.00205699e+00
 3.44807998e-01    1.46618723e+00    1.46453383e+00    1.46453383e+00   -1.88704844e-03  -1.88704844e-03    1.00207318e+00
 3.54981585e-01    1.44511355e+00    1.44340299e+00    1.44340299e+00   -1.89925796e-03  -1.89925796e-03    1.00214498e+00
 3.65155173e-01    1.42492842e+00    1.42316108e+00    1.42316108e+00   -1.91058860e-03  -1.91058860e-03    1.00221699e+00
 3.75328760e-01    1.40557115e+00    1.40374742e+00    1.40374742e+00   -1.92110036e-03  -1.92110036e-03    1.00228920e+00
 3.85502347e-01    1.38698675e+00    1.38510702e+00    1.38510702e+00   -1.93084835e-03  -1.93084835e-03    1.00236160e+00
 3.95675934e-01    1.36912518e+00    1.36718986e+00    1.36718986e+00   -1.93988335e-03  -1.93988335e-03    1.00243418e+00
 4.05849522e-01    1.35194083e+00    1.34995032e+00    1.34995032e+00   -1.94825210e-03  -1.94825210e-03    1.00250693e+00
 4.19962337e-01    1.32914672e+00    1.32708031e+00    1.32708031e+00   -1.95883819e-03  -1.95883819e-03    1.00260813e+00
 4.34075152e-01    1.30747579e+00    1.30533425e+00    1.30533425e+00   -1.96832968e-03  -1.96832968e-03    1.00270961e+00
 4.48187968e-01    1.28683888e+00    1.28462297e+00    1.28462297e+00   -1.97682077e-03  -1.97682077e-03    1.00281136e+00
 4.62300783e-01    1.26715639e+00    1.26486689e+00    1.26486689e+00   -1.98439620e-03  -1.98439620e-03    1.00291337e+00
 4.76413598e-01    1.24835709e+00    1.24599475e+00    1.24599475e+00   -1.99113240e-03  -1.99113240e-03    1.00301560e+00
 4.90526414e-01    1.23037693e+00    1.22794251e+00    1.22794251e+00   -1.99709843e-03  -1.99709843e-03    1.00311806e+00
 5.04639229e-01    1.21315821e+00    1.21065244e+00    1.21065244e+00   -2.00235684e-03  -2.00235684e-03    1.00322072e+00
 5.25111853e-01    1.18942794e+00    1.18681998e+00    1.18681998e+00   -2.00884185e-03  -2.00884185e-03    1.00336998e+00
 5.45584476e-01    1.16704959e+00    1.16434095e+00    1.16434095e+00   -2.01411037e-03  -2.01411037e-03    1.00351959e+00
 5.66057099e-01    1.14589971e+00    1.14309188e+00    1.14309188e+00   -2.01829709e-03  -2.01829709e-03    1.00366953e+00
 5.86529722e-01    1.12587007e+00    1.12296449e+00    1.12296449e+00   -2.02151998e-03  -2.02151998e-03    1.00381977e+00
 6.07002346e-01    1.10686533e+00    1.10386341e+00    1.10386341e+00   -2.02388268e-03  -2.02388268e-03    1.00397026e+00
 6.27474969e-01    1.08880112e+00    1.08570425e+00    1.08570425e+00   -2.02547652e-03  -2.02547652e-03    1.00412100e+00
 6.47947592e-01    1.07160250e+00    1.06841201e+00    1.06841201e+00   -2.02638220e-03  -2.02638220e-03    1.00427195e+00
 6.73957816e-01    1.05089595e+00    1.04758841e+00    1.04758841e+00   -2.02665182e-03  -2.02665182e-03    1.00446401e+00
 6.99968039e-01    1.03135819e+00    1.02793563e+00    1.02793563e+00   -2.02605358e-03  -2.02605358e-03    1.00465634e+00
 7.25978262e-01    1.01288347e+00    1.00934787e+00    1.00934787e+00   -2.02469815e-03  -2.02469815e-03    1.00484890e+00
 7.51988485e-01    9.95378968e-01    9.91732249e-01    9.91732249e-01   -2.02268132e-03  -2.02268132e-03    1.00504167e+00
 7.77998708e-01    9.78762833e-01    9.75006835e-01    9.75006835e-01   -2.02008624e-03  -2.02008624e-03    1.00523461e+00
 8.04008931e-01    9.62962551e-01    9.59099058e-01    9.59099058e-01   -2.01698527e-03  -2.01698527e-03    1.00542769e+00
 8.30019155e-01    9.47913631e-01    9.43944370e-01    9.43944370e-01   -2.01344158e-03  -2.01344158e-03    1.00562089e+00
 8.63656761e-01    9.29472855e-01    9.25369278e-01    9.25369278e-01   -2.00829142e-03  -2.00829142e-03    1.00587090e+00
 8.97294367e-01    9.12083027e-01    9.07847810e-01    9.07847810e-01   -2.00259575e-03  -2.00259575e-03    1.00612103e+00
 9.30931973e-01    8.95648228e-01    8.91283937e-01    8.91283937e-01   -1.99644194e-03  -1.99644194e-03    1.00637124e+00
 9.64569579e-01    8.80084357e-01    8.75593454e-01    8.75593454e-01   -1.98990431e-03  -1.98990431e-03    1.00662150e+00
 9.98207185e-01    8.65317324e-01    8.60702174e-01    8.60702174e-01   -1.98304624e-03  -1.98304624e-03    1.00687178e+00
 1.03184479e+00    8.51281570e-01    8.46544443e-01    8.46544443e-01   -1.97592194e-03  -1.97592194e-03    1.00712206e+00
 1.06548240e+00    8.37918838e-01    8.33061918e-01    8.33061918e-01   -1.96857794e-03  -1.96857794e-03    1.00737230e+00
 1.10903341e+00    8.21533614e-01    8.16524704e-01    8.16524704e-01   -1.95880779e-03  -1.95880779e-03    1.00769620e+00
 1.15258443e+00    8.06090500e-01    8.00932952e-01    8.00932952e-01   -1.94880929e-03  -1.94880929e-03    1.00801997e+00
 1.19613545e+00    7.91502821e-01    7.86199831e-01    7.86199831e-01   -1.93864319e-03  -1.93864319e-03    1.00834355e+00
 1.23968646e+00    7.77694664e-01    7.72249281e-01    7.72249281e-01   -1.92835991e-03  -1.92835991e-03    1.00866693e+00
 1.28323748e+00    7.64599215e-01    7.59014353e-01    7.59014353e-01   -1.91800133e-03  -1.91800133e-03    1.00899007e+00
 1.32678850e+00    7.52157409e-01    7.46435855e-01    7.46435855e-01   -1.90760232e-03  -1.90760232e-03    1.00931294e+00
 1.37033951e+00    7.40316809e-01    7.34461229e-01    7.34461229e-01   -1.89719192e-03  -1.89719192e-03    1.00963552e+00
 1.42686879e+00    7.25768319e-01    7.19742572e-01    7.19742572e-01   -1.88370131e-03  -1.88370131e-03    1.01005375e+00
 1.48339806e+00    7.12064412e-01    7.05872580e-01    7.05872580e-01   -1.87027474e-03  -1.87027474e-03    1.01047141e+00
 1.53992734e+00    6.99126710e-01    6.92772668e-01    6.92772668e-01   -1.85694588e-03  -1.85694588e-03    1.01088847e+00
 1.59645661e+00    6.86886647e-01    6.80374079e-01    6.80374079e-01   -1.84374101e-03  -1.84374101e-03    1.01130488e+00
 1.65298589e+00    6.75283943e-01    6.68616356e-01    6.68616356e-01   -1.83068052e-03  -1.83068052e-03    1.01172063e+00
 1.70951516e+00    6.64265360e-01    6.57446095e-01    6.57446095e-01   -1.81778003e-03  -1.81778003e-03    1.01213569e+00
 1.76604444e+00    6.53783677e-01    6.46815927e-01    6.46815927e-01   -1.80505133e-03  -1.80505133e-03    1.01255003e+00
 1.83961247e+00    6.40877962e-01    6.33721516e-01    6.33721516e-01   -1.78875731e-03  -1.78875731e-03    1.01308816e+00
 1.91318050e+00    6.28729221e-01    6.21388958e-01    6.21388958e-01   -1.77278175e-03  -1.77278175e-03    1.01362501e+00
 1.98674854e+00    6.17266554e-01    6.09747090e-01    6.09747090e-01   -1.75713220e-03  -1.75713220e-03    1.01416056e+00
 2.06031657e+00    6.06428014e-01    5.98733723e-01    5.98733723e-01   -1.74181210e-03  -1.74181210e-03    1.01469477e+00
 2.13388460e+00    5.96159200e-01    5.88294238e-01    5.88294238e-01   -1.72682177e-03  -1.72682177e-03    1.01522763e+00
 2.20745263e+00    5.86412120e-01    5.78380436e-01    5.78380436e-01   -1.71215915e-03  -1.71215915e-03    1.01575912e+00
 2.28102066e+00    5.77144250e-01    5.68949607e-01    5.68949607e-01   -1.69782041e-03  -1.69782041e-03    1.01628922e+00
 2.37702894e+00    5.65708020e-01    5.57306084e-01    5.57306084e-01   -1.67958645e-03  -1.67958645e-03    1.01697891e+00
 2.47303723e+00    5.54949977e-01    5.46346505e-01    5.46346505e-01   -1.66188140e-03  -1.66188140e-03    1.01766619e+00
 2.56904551e+00    5.44805966e-01    5.36006392e-01    5.36006392e-01   -1.64468958e-03  -1.64468958e-03    1.01835105e+00
 2.66505379e+00    5.35220007e-01    5.26229472e-01    5.26229472e-01   -1.62799418e-03  -1.62799418e-03    1.01903347e+00
 2.76106207e+00    5.26143005e-01    5.16966379e-01    5.16966379e-01   -1.61177777e-03  -1.61177777e-03    1.01971344e+00
 2.85707035e+00    5.17531696e-01    5.08173602e-01    5.08173602e-01   -1.59602275e-03  -1.59602275e-03    1.02039096e+00
 2.95307863e+00    5.09347788e-01    4.99812621e-01    4.99812621e-01   -1.58071161e-03  -1.58071161e-03    1.02106604e+00
 3.07873949e+00    4.99225799e-01    4.89465162e-01    4.89465162e-01   -1.56131356e-03  -1.56131356e-03    1.02194590e+00
 3.20440035e+00    4.89711056e-01    4.79731691e-01    4.79731691e-01   -1.54260883e-03  -1.54260883e-03    1.02282157e+00
 3.33006122e+00    4.80745504e-01    4.70553758e-01    4.70553758e-01   -1.52456130e-03  -1.52456130e-03    1.02369305e+00
 3.45572208e+00    4.72278556e-01    4.61880424e-01    4.61880424e-01   -1.50713656e-03  -1.50713656e-03    1.02456036e+00
 3.58138294e+00    4.64265907e-01    4.53667058e-01    4.53667058e-01   -1.49030197e-03  -1.49030197e-03    1.02542352e+00
 3.70704381e+00    4.56668561e-01    4.45874368e-01    4.45874368e-01   -1.47402675e-03  -1.47402675e-03    1.02628254e+00
 3.83270467e+00    4.49452044e-01    4.38467608e-01    4.38467608e-01   -1.45828204e-03  -1.45828204e-03    1.02713746e+00
 3.99768989e+00    4.40504557e-01    4.29277667e-01    4.29277667e-01   -1.43837080e-03  -1.43837080e-03    1.02825371e+00
 4.16267512e+00    4.32100398e-01    4.20638898e-01    4.20638898e-01   -1.41927159e-03  -1.41927159e-03    1.02936297e+00
 4.32766034e+00    4.24187026e-01    4.12498290e-01    4.12498290e-01   -1.40093294e-03  -1.40093294e-03    1.03046531e+00
 4.49264557e+00    4.16718734e-01    4.04809712e-01    4.04809712e-01   -1.38330767e-03  -1.38330767e-03    1.03156080e+00
 4.65763079e+00    4.09655546e-01    3.97532799e-01    3.97532799e-01   -1.36635213e-03  -1.36635213e-03    1.03264950e+00
 4.82261602e+00    4.02962325e-01    3.90632063e-01    3.90632063e-01   -1.35002574e-03  -1.35002574e-03    1.03373148e+00
 4.98760124e+00    3.96608049e-01    3.84076155e-01    3.84076155e-01   -1.33429089e-03  -1.33429089e-03    1.03480681e+00
 5.20481635e+00    3.88713090e-01    3.75924207e-01    3.75924207e-01   -1.31441837e-03  -1.31441837e-03    1.03621254e+00
 5.42203146e+00    3.81303308e-01    3.68266501e-01    3.68266501e-01   -1.29543819e-03  -1.29543819e-03    1.03760702e+00
 5.63924657e+00    3.74331236e-01    3.61055010e-01    3.61055010e-01   -1.27728517e-03  -1.27728517e-03    1.03899043e+00
 5.85646168e+00    3.67755646e-01    3.54247999e-01    3.54247999e-01   -1.25990090e-03  -1.25990090e-03    1.04036292e+00
 6.07367679e+00    3.61540532e-01    3.47809004e-01    3.47809004e-01   -1.24323272e-03  -1.24323272e-03    1.04172465e+00
 6.29089190e+00    3.55654292e-01    3.41706001e-01    3.41706001e-01   -1.22723297e-03  -1.22723297e-03    1.04307578e+00
 6.50810701e+00    3.50069062e-01    3.35910742e-01    3.35910742e-01   -1.21185787e-03  -1.21185787e-03    1.04441647e+00
 6.79542234e+00    3.43102141e-01    3.28675759e-01    3.28675759e-01   -1.19241239e-03  -1.19241239e-03    1.04617405e+00
 7.08273768e+00    3.36569054e-01    3.21885033e-01    3.21885033e-01   -1.17390510e-03  -1.17390510e-03    1.04791399e+00
 7.37005301e+00    3.30426776e-01    3.15494871e-01    3.15494871e-01   -1.15626067e-03  -1.15626067e-03    1.04963661e+00
 7.65736834e+00    3.24638008e-01    3.09467370e-01    3.09467370e-01   -1.13941309e-03  -1.13941309e-03    1.05134226e+00
 7.94468367e+00    3.19170238e-01    3.03769469e-01    3.03769469e-01   -1.12330425e-03  -1.12330425e-03    1.05303127e+00
 8.23199901e+00    3.13994974e-01    2.98372176e-01    2.98372176e-01   -1.10788252e-03  -1.10788252e-03    1.05470395e+00
 8.51931434e+00    3.09087134e-01    2.93249953e-01    2.93249953e-01   -1.09310120e-03  -1.09310120e-03    1.05636062e+00
 8.90009547e+00    3.02957263e-01    2.86847034e-01    2.86847034e-01   -1.07442475e-03  -1.07442475e-03    1.05853205e+00
 9.28087660e+00    2.97213350e-01    2.80841888e-01    2.80841888e-01   -1.05670570e-03  -1.05670570e-03    1.06067656e+00
 9.66165774e+00    2.91816635e-01    2.75194963e-01    2.75194963e-01   -1.03986237e-03  -1.03986237e-03    1.06279481e+00
 1.00424389e+01    2.86733579e-01    2.69872003e-01    2.69872003e-01   -1.02382280e-03  -1.02382280e-03    1.06488744e+00
 1.04232200e+01    2.81934994e-01    2.64843172e-01    2.64843172e-01   -1.00852374e-03  -1.00852374e-03    1.06695504e+00
 1.08040011e+01    2.77395343e-01    2.60082345e-01    2.60082345e-01   -9.93909010e-04  -9.93909010e-04    1.06899822e+00
 1.11847823e+01    2.73092178e-01    2.55566537e-01    2.55566537e-01   -9.79928395e-04  -9.79928395e-04    1.07101754e+00
 1.16919520e+01    2.67694093e-01    2.49897640e-01    2.49897640e-01   -9.62214622e-04  -9.62214622e-04    1.07367099e+00
 1.21991217e+01    2.62639807e-01    2.44585765e-01    2.44585765e-01   -9.45450762e-04  -9.45450762e-04    1.07628433e+00
 1.27062914e+01    2.57894303e-01    2.39594955e-01    2.39594955e-01   -9.29553304e-04  -9.29553304e-04    1.07885874e+00
 1.32134611e+01    2.53427343e-01    2.34894128e-01    2.34894128e-01   -9.14448587e-04  -9.14448587e-04    1.08139535e+00
 1.37206308e+01    2.49212665e-01    2.30456260e-01    2.30456260e-01   -9.00071482e-04  -9.00071482e-04    1.08389523e+00
 1.42278005e+01    2.45227333e-01    2.26257726e-01    2.26257726e-01   -8.86364381e-04  -8.86364381e-04    1.08635941e+00
 1.47349702e+01    2.41451219e-01    2.22277770e-01    2.22277770e-01   -8.73276157e-04  -8.73276157e-04    1.08878889e+00
 1.54124465e+01    2.36703003e-01    2.17270882e-01    2.17270882e-01   -8.56679775e-04  -8.56679775e-04    1.09198167e+00
 1.60899227e+01    2.32259891e-01    2.12583560e-01    2.12583560e-01   -8.41009483e-04  -8.41009483e-04    1.09511632e+00
 1.67673990e+01    2.28090394e-01    2.08183219e-01    2.08183219e-01   -8.26179795e-04  -8.26179795e-04    1.09819486e+00
 1.74448753e+01    2.24167377e-01    2.04041744e-01    2.04041744e-01   -8.12116162e-04  -8.12116162e-04    1.10121921e+00
 1.81223515e+01    2.20467318e-01    2.00134734e-01    2.00134734e-01   -7.98754132e-04  -7.98754132e-04    1.10419115e+00
 1.87998278e+01    2.16969711e-01    1.96440890e-01    1.96440890e-01   -7.86036901e-04  -7.86036901e-04    1.10711241e+00
 1.94773041e+01    2.13656591e-01    1.92941527e-01    1.92941527e-01   -7.73912991e-04  -7.73912991e-04    1.10998460e+00
 2.03885622e+01    2.09463618e-01    1.88512670e-01    1.88512670e-01   -7.58459186e-04  -7.58459186e-04    1.11377321e+00
 2.12998202e+01    2.05542634e-01    1.84371288e-01    1.84371288e-01   -7.43894616e-04  -7.43894616e-04    1.11747935e+00
 2.22110783e+01    2.01865127e-01    1.80487609e-01    1.80487609e-01   -7.30138746e-04  -7.30138746e-04    1.12110630e+00
 2.31223364e+01    1.98406593e-01    1.76836008e-01    1.76836008e-01   -7.17122184e-04  -7.17122184e-04    1.12465715e+00
 2.40335945e+01    1.95145838e-01    1.73394288e-01    1.73394288e-01   -7.04780187e-04  -7.04780187e-04    1.12813480e+00
 2.49448525e+01    1.92064430e-01    1.70143118e-01    1.70143118e-01   -6.93053639e-04  -6.93053639e-04    1.13154199e+00
 2.58561106e+01    1.89146250e-01    1.67065569e-01    1.67065569e-01   -6.81891040e-04  -6.81891040e-04    1.13488126e+00
 2.70724585e+01    1.85481121e-01    1.63202651e-01    1.63202651e-01   -6.67793711e-04  -6.67793711e-04    1.13923685e+00
 2.82888065e+01    1.82052585e-01    1.59591997e-01    1.59591997e-01   -6.54530560e-04  -6.54530560e-04    1.14348111e+00
 2.95051544e+01    1.78835749e-01    1.56207348e-01    1.56207348e-01   -6.42020819e-04  -6.42020819e-04    1.14761901e+00
 3.07215023e+01    1.75809237e-01    1.53026116e-01    1.53026116e-01   -6.30194874e-04  -6.30194874e-04    1.15165517e+00
 3.19378502e+01    1.72954577e-01    1.50028757e-01    1.50028757e-01   -6.18991844e-04  -6.18991844e-04    1.15559392e+00
 3.31541982e+01    1.70255712e-01    1.47198253e-01    1.47198253e-01   -6.08358270e-04  -6.08358270e-04    1.15943927e+00
 3.43705461e+01    1.67698612e-01    1.44519715e-01    1.44519715e-01   -5.98247024e-04  -5.98247024e-04    1.16319500e+00
 3.60274298e+01    1.64421483e-01    1.41092200e-01    1.41092200e-01   -5.85239277e-04  -5.85239277e-04    1.16817308e+00
 3.76843136e+01    1.61357801e-01    1.37893908e-01    1.37893908e-01   -5.73030723e-04  -5.73030723e-04    1.17299962e+00
 3.93411973e+01    1.58484682e-01    1.34900448e-01    1.34900448e-01   -5.61541755e-04  -5.61541755e-04    1.17768223e+00
 4.09980811e+01    1.55782544e-01    1.32090910e-01    1.32090910e-01   -5.50704103e-04  -5.50704103e-04    1.18222792e+00
 4.26549648e+01    1.53234517e-01    1.29447259e-01    1.29447259e-01   -5.40458029e-04  -5.40458029e-04    1.18664315e+00
 4.43118486e+01    1.50825979e-01    1.26953836e-01    1.26953836e-01   -5.30751095e-04  -5.30751095e-04    1.19093393e+00
 4.59687323e+01    1.48544185e-01    1.24596980e-01    1.24596980e-01   -5.21537353e-04  -5.21537353e-04    1.19510584e+00
 4.82156984e+01    1.45632503e-01    1.21597742e-01    1.21597742e-01   -5.09758383e-04  -5.09758383e-04    1.20058281e+00
 5.04626644e+01    1.42909528e-01    1.18801977e-01    1.18801977e-01   -4.98724199e-04  -4.98724199e-04    1.20586255e+00
 5.27096304e+01    1.40354884e-01    1.16187754e-01    1.16187754e-01   -4.88359232e-04  -4.88359232e-04    1.21095596e+00
 5.49565964e+01    1.37951166e-01    1.13736312e-01    1.13736312e-01   -4.78598377e-04  -4.78598377e-04    1.21587300e+00
 5.72035624e+01    1.35683402e-01    1.11431493e-01    1.11431493e-01   -4.69385062e-04  -4.69385062e-04    1.22062281e+00
 5.94505284e+01    1.33538635e-01    1.09259299e-01    1.09259299e-01   -4.60669932e-04  -4.60669932e-04    1.22521384e+00
 6.16974944e+01    1.31505585e-01    1.07207531e-01    1.07207531e-01   -4.52409711e-04  -4.52409711e-04    1.22965386e+00
 6.47693646e+01    1.28889205e-01    1.04578189e-01    1.04578189e-01   -4.41784465e-04  -4.41784465e-04    1.23549257e+00
 6.78412348e+01    1.26441617e-01    1.02130594e-01    1.02130594e-01   -4.31853942e-04  -4.31853942e-04    1.24107935e+00
 7.09131051e+01    1.24144448e-01    9.98448174e-02    9.98448174e-02   -4.22545991e-04  -4.22545991e-04    1.24642952e+00
 7.39849753e+01    1.21982038e-01    9.77038592e-02    9.77038592e-02   -4.13798468e-04  -4.13798468e-04    1.25155701e+00
 7.70568455e+01    1.19940943e-01    9.56931156e-02    9.56931156e-02   -4.05557606e-04  -4.05557606e-04    1.25647455e+00
 8.01287157e+01    1.18009549e-01    9.37999623e-02    9.37999623e-02   -3.97776664e-04  -3.97776664e-04    1.26119383e+00
 8.32005859e+01    1.16177763e-01    9.20134221e-02    9.20134221e-02   -3.90414685e-04  -3.90414685e-04    1.26572556e+00
 8.74177614e+01    1.13809292e-01    8.97170702e-02    8.97170702e-02   -3.80925108e-04  -3.80925108e-04    1.27165940e+00
 9.16349369e+01    1.11592456e-01    8.75823741e-02    8.75823741e-02   -3.72077364e-04  -3.72077364e-04    1.27728168e+00
 9.58521125e+01    1.09510698e-01    8.55913078e-02    8.55913078e-02   -3.63802884e-04  -3.63802884e-04    1.28261343e+00
 1.00069288e+02    1.07549930e-01    8.37285354e-02    8.37285354e-02   -3.56042960e-04  -3.56042960e-04    1.28767372e+00
 1.04286463e+02    1.05698083e-01    8.19809156e-02    8.19809156e-02   -3.48746974e-04  -3.48746974e-04    1.29247990e+00
 1.08503639e+02    1.03944742e-01    8.03371141e-02    8.03371141e-02   -3.41870947e-04  -3.41870947e-04    1.29704778e+00
 1.12720815e+02    1.02280868e-01    7.87872965e-02    7.87872965e-02   -3.35376615e-04  -3.35376615e-04    1.30139186e+00
 1.18532122e+02    1.00120240e-01    7.67899783e-02    7.67899783e-02   -3.26991489e-04  -3.26991489e-04    1.30703569e+00
 1.24343429e+02    9.80969362e-02    7.49357216e-02    7.49357216e-02   -3.19191985e-04  -3.19191985e-04    1.31231126e+00
 1.30154737e+02    9.61960232e-02    7.32083119e-02    7.32083119e-02   -3.11913916e-04  -3.11913916e-04    1.31724694e+00
 1.35966044e+02    9.44048140e-02    7.15939911e-02    7.15939911e-02   -3.05101860e-04  -3.05101860e-04    1.32186827e+00
 1.41777352e+02    9.27124487e-02    7.00809989e-02    7.00809989e-02   -2.98709528e-04  -2.98709528e-04    1.32619840e+00
 1.47588659e+02    9.11095667e-02    6.86592144e-02    6.86592144e-02   -2.92695476e-04  -2.92695476e-04    1.33025832e+00
 1.53399966e+02    8.95880482e-02    6.73198748e-02    6.73198748e-02   -2.87024596e-04  -2.87024596e-04    1.33406716e+00
 1.61407252e+02    8.76119544e-02    6.55955796e-02    6.55955796e-02   -2.79716325e-04  -2.79716325e-04    1.33893597e+00
 1.69414538e+02    8.57610986e-02    6.39963672e-02    6.39963672e-02   -2.72931173e-04  -2.72931173e-04    1.34340236e+00
 1.77421824e+02    8.40220751e-02    6.25078835e-02    6.25078835e-02   -2.66610404e-04  -2.66610404e-04    1.34750308e+00
 1.85429109e+02    8.23834902e-02    6.11179739e-02    6.11179739e-02   -2.60703929e-04  -2.60703929e-04    1.35127097e+00
 1.93436395e+02    8.08355830e-02    5.98162683e-02    5.98162683e-02   -2.55168883e-04  -2.55168883e-04    1.35473550e+00
 2.01443681e+02    7.93699315e-02    5.85938582e-02    5.85938582e-02   -2.49968311e-04  -2.49968311e-04    1.35792316e+00
 2.09450966e+02    7.79792206e-02    5.74430425e-02    5.74430425e-02   -2.45070169e-04  -2.45070169e-04    1.36085788e+00
 2.20673436e+02    7.61441634e-02    5.59380104e-02    5.59380104e-02   -2.38661591e-04  -2.38661591e-04    1.36458611e+00
 2.31895905e+02    7.44287555e-02    5.45448556e-02    5.45448556e-02   -2.32726914e-04  -2.32726914e-04    1.36791253e+00
 2.43118375e+02    7.28202531e-02    5.32504237e-02    5.32504237e-02   -2.27210940e-04  -2.27210940e-04    1.37088334e+00
 2.54340844e+02    7.13078165e-02    5.20436232e-02    5.20436232e-02   -2.22067015e-04  -2.22067015e-04    1.37353905e+00
 2.65563314e+02    6.98821476e-02    5.09150277e-02    5.09150277e-02   -2.17255403e-04  -2.17255403e-04    1.37591519e+00
 2.76785784e+02    6.85352102e-02    4.98565682e-02    4.98565682e-02   -2.12742027e-04  -2.12742027e-04    1.37804304e+00
 2.88008253e+02    6.72600099e-02    4.88612923e-02    4.88612923e-02   -2.08497481e-04  -2.08497481e-04    1.37995015e+00
 3.03730952e+02    6.55825676e-02    4.75618353e-02    4.75618353e-02   -2.02954974e-04  -2.02954974e-04    1.38229658e+00
 3.19453650e+02    6.40195103e-02    4.63605861e-02    4.63605861e-02   -1.97830743e-04  -1.97830743e-04    1.38431478e+00
 3.35176349e+02    6.25585658e-02    4.52457972e-02    4.52457972e-02   -1.93074914e-04  -1.93074914e-04    1.38605341e+00
 3.50899048e+02    6.11892615e-02    4.42075952e-02    4.42075952e-02   -1.88645521e-04  -1.88645521e-04    1.38755354e+00
 3.66621746e+02    5.99025881e-02    4.32376126e-02    4.32376126e-02   -1.84506975e-04  -1.84506975e-04    1.38884990e+00
 3.82344445e+02    5.86907389e-02    4.23287060e-02    4.23287060e-02   -1.80628870e-04  -1.80628870e-04    1.38997189e+00
 3.98067144e+02    5.75469056e-02    4.14747352e-02    4.14747352e-02   -1.76985061e-04  -1.76985061e-04    1.39094445e+00
 4.20240435e+02    5.60379891e-02    4.03536482e-02    4.03536482e-02   -1.72201371e-04  -1.72201371e-04    1.39210235e+00
 4.42413727e+02    5.46381469e-02    3.93187338e-02    3.93187338e-02   -1.67785287e-04  -1.67785287e-04    1.39305371e+00
 4.64587018e+02    5.33351784e-02    3.83595032e-02    3.83595032e-02   -1.63692092e-04  -1.63692092e-04    1.39383768e+00
 4.86760310e+02    5.21186902e-02    3.74671697e-02    3.74671697e-02   -1.59884318e-04  -1.59884318e-04    1.39448557e+00
 5.08933601e+02    5.09797636e-02    3.66343100e-02    3.66343100e-02   -1.56330306e-04  -1.56330306e-04    1.39502253e+00
 5.31106892e+02    4.99106964e-02    3.58546038e-02    3.58546038e-02   -1.53003095e-04  -1.53003095e-04    1.39546877e+00
 5.53280184e+02    4.89047976e-02    3.51226318e-02    3.51226318e-02   -1.49879566e-04  -1.49879566e-04    1.39584062e+00
 5.82417285e+02    4.76693065e-02    3.42255777e-02    3.42255777e-02   -1.46051575e-04  -1.46051575e-04    1.39623803e+00
 6.11554386e+02    4.65214526e-02    3.33939041e-02    3.33939041e-02   -1.42502573e-04  -1.42502573e-04    1.39655320e+00
 6.40691488e+02    4.54515411e-02    3.26200400e-02    3.26200400e-02   -1.39200256e-04  -1.39200256e-04    1.39680421e+00
 6.69828589e+02    4.44512889e-02    3.18975867e-02    3.18975867e-02   -1.36117322e-04  -1.36117322e-04    1.39700494e+00
 6.98965690e+02    4.35135737e-02    3.12210949e-02    3.12210949e-02   -1.33230517e-04  -1.33230517e-04    1.39716608e+00
 7.28102792e+02    4.26322361e-02    3.05858905e-02    3.05858905e-02   -1.30519898e-04  -1.30519898e-04    1.39729593e+00
 7.57239893e+02    4.18019202e-02    2.99879386e-02    2.99879386e-02   -1.27968246e-04  -1.27968246e-04    1.39740093e+00
 7.96396366e+02    4.07583110e-02    2.92369567e-02    2.92369567e-02   -1.24763565e-04  -1.24763565e-04    1.39751160e+00
 8.35552839e+02    3.97886882e-02    2.85397052e-02    2.85397052e-02   -1.21788168e-04  -1.21788168e-04    1.39759567e+00
 8.74709312e+02    3.88847831e-02    2.78900689e-02    2.78900689e-02   -1.19015960e-04  -1.19015960e-04    1.39765988e+00
 9.13865785e+02    3.80395510e-02    2.72828646e-02    2.72828646e-02   -1.16424823e-04  -1.16424823e-04    1.39770919e+00
 9.53022258e+02    3.72469511e-02    2.67136659e-02    2.67136659e-02   -1.13995869e-04  -1.13995869e-04    1.39774724e+00
 9.92178731e+02    3.65017708e-02    2.61786669e-02    2.61786669e-02   -1.11712855e-04  -1.11712855e-04    1.39777675e+00
 1.03133520e+03    3.57994873e-02    2.56745749e-02    2.56745749e-02   -1.09561731e-04  -1.09561731e-04    1.39779973e+00
 1.08751476e+03    3.48590308e-02    2.49996621e-02    2.49996621e-02   -1.06681660e-04  -1.06681660e-04    1.39782426e+00
 1.14369432e+03    3.39888840e-02    2.43753205e-02    2.43753205e-02   -1.04017391e-04  -1.04017391e-04    1.39784164e+00
 1.19987388e+03    3.31807265e-02    2.37955344e-02    2.37955344e-02   -1.01543256e-04  -1.01543256e-04    1.39785406e+00
 1.25605344e+03    3.24275485e-02    2.32552447e-02    2.32552447e-02   -9.92376653e-05  -9.92376653e-05    1.39786299e+00
 1.31223300e+03    3.17233982e-02    2.27501617e-02    2.27501617e-02   -9.70823126e-05  -9.70823126e-05    1.39786946e+00
 1.36841256e+03    3.10631855e-02    2.22766207e-02    2.22766207e-02   -9.50615597e-05  -9.50615597e-05    1.39787418e+00
 1.42459212e+03    3.04425291e-02    2.18314698e-02    2.18314698e-02   -9.31619566e-05  -9.31619566e-05    1.39787763e+00
 1.50848249e+03    2.95812732e-02    2.12137773e-02    2.12137773e-02   -9.05260622e-05  -9.05260622e-05    1.39788119e+00
 1.59237286e+03    2.87891908e-02    2.06457133e-02    2.06457133e-02   -8.81019490e-05  -8.81019490e-05    1.39788347e+00
 1.67626323e+03    2.80574970e-02    2.01209693e-02    2.01209693e-02   -8.58626963e-05  -8.58626963e-05    1.39788495e+00
 1.76015360e+03    2.73788918e-02    1.96343052e-02    1.96343052e-02   -8.37859431e-05  -8.37859431e-05    1.39788592e+00
 1.84404397e+03    2.67472532e-02    1.91813275e-02    1.91813275e-02   -8.18529405e-05  -8.18529405e-05    1.39788656e+00
 1.92793434e+03    2.61574032e-02    1.87583211e-02    1.87583211e-02   -8.00478349e-05  -8.00478349e-05    1.39788699e+00
 2.01182471e+03    2.56049291e-02    1.83621202e-02    1.83621202e-02   -7.83571174e-05  -7.83571174e-05    1.39788728e+00
 2.13129547e+03    2.48752978e-02    1.78388747e-02    1.78388747e-02   -7.61242594e-05  -7.61242594e-05    1.39788754e+00
 2.25076623e+03    2.42046837e-02    1.73579540e-02    1.73579540e-02   -7.40720149e-05  -7.40720149e-05    1.39788769e+00
 2.37023698e+03    2.35855373e-02    1.69139432e-02    1.69139432e-02   -7.21772769e-05  -7.21772769e-05    1.39788778e+00
 2.48970774e+03    2.30115953e-02    1.65023504e-02    1.65023504e-02   -7.04208769e-05  -7.04208769e-05    1.39788783e+00
 2.60917850e+03    2.24776119e-02    1.61194134e-02    1.61194134e-02   -6.87867609e-05  -6.87867609e-05    1.39788787e+00
 2.72864926e+03    2.19791558e-02    1.57619545e-02    1.57619545e-02   -6.72613676e-05  -6.72613676e-05    1.39788789e+00
 2.84812002e+03    2.15124546e-02    1.54272680e-02    1.54272680e-02   -6.58331519e-05  -6.58331519e-05    1.39788790e+00
 3.02095897e+03    2.08870007e-02    1.49787349e-02    1.49787349e-02   -6.39191158e-05  -6.39191158e-05    1.39788791e+00
 3.19379791e+03    2.03131092e-02    1.45671789e-02    1.45671789e-02   -6.21628731e-05  -6.21628731e-05    1.39788791e+00
 3.36663686e+03    1.97840637e-02    1.41877834e-02    1.41877834e-02   -6.05438697e-05  -6.05438697e-05    1.39788792e+00
 3.53947581e+03    1.92943120e-02    1.38365669e-02    1.38365669e-02   -5.90451148e-05  -5.90451148e-05    1.39788792e+00
 3.71231476e+03    1.88392190e-02    1.35102052e-02    1.35102052e-02   -5.76524237e-05  -5.76524237e-05    1.39788792e+00
 3.88515370e+03    1.84148808e-02    1.32058987e-02    1.32058987e-02   -5.63538492e-05  -5.63538492e-05    1.39788792e+00
 4.05799265e+03    1.80179823e-02    1.29212701e-02    1.29212701e-02   -5.51392468e-05  -5.51392468e-05    1.39788792e+00
 4.30986553e+03    1.74829669e-02    1.25375935e-02    1.25375935e-02   -5.35019746e-05  -5.35019746e-05    1.39788792e+00
 4.56173842e+03    1.69929456e-02    1.21861836e-02    1.21861836e-02   -5.20023945e-05  -5.20023945e-05    1.39788792e+00
 4.81361130e+03    1.65419456e-02    1.18627571e-02    1.18627571e-02   -5.06222289e-05  -5.06222289e-05    1.39788792e+00
 5.06548419e+03    1.61250486e-02    1.15637870e-02    1.15637870e-02   -4.93464264e-05  -4.93464264e-05    1.39788792e+00
 5.31735707e+03    1.57381625e-02    1.12863386e-02    1.12863386e-02   -4.81624642e-05  -4.81624642e-05    1.39788792e+00
 5.56922996e+03    1.53778512e-02    1.10279478e-02    1.10279478e-02   -4.70598272e-05  -4.70598272e-05    1.39788792e+00
 5.82110284e+03    1.50412053e-02    1.07865283e-02    1.07865283e-02   -4.60296119e-05  -4.60296119e-05    1.39788792e+00
 6.19081425e+03    1.45848124e-02    1.04592344e-02    1.04592344e-02   -4.46329426e-05  -4.46329426e-05    1.39788792e+00
 6.56052566e+03    1.41675931e-02    1.01600331e-02    1.01600331e-02   -4.33561538e-05  -4.33561538e-05    1.39788792e+00
 6.93023707e+03    1.37842459e-02    9.88512265e-03    9.88512265e-03   -4.21830218e-05  -4.21830218e-05    1.39788792e+00
 7.29994848e+03    1.34304225e-02    9.63138460e-03    9.63138460e-03   -4.11002393e-05  -4.11002393e-05    1.39788792e+00
 7.66965989e+03    1.31025179e-02    9.39623373e-03    9.39623373e-03   -4.00967743e-05  -4.00967743e-05    1.39788792e+00
 8.03937130e+03    1.27975147e-02    9.17750617e-03    9.17750617e-03   -3.91633929e-05  -3.91633929e-05    1.39788792e+00
 8.40908270e+03    1.25128654e-02    8.97337511e-03    8.97337511e-03   -3.82922995e-05  -3.82922995e-05    1.39788792e+00
 8.95576708e+03    1.21247339e-02    8.69503364e-03    8.69503364e-03   -3.71045263e-05  -3.71045263e-05    1.39788792e+00
 9.50245146e+03    1.17706158e-02    8.44108425e-03    8.44108425e-03   -3.60208420e-05  -3.60208420e-05    1.39788792e+00
 1.00491358e+04    1.14458168e-02    8.20816046e-03    8.20816046e-03   -3.50268807e-05  -3.50268807e-05    1.39788792e+00
 1.05958202e+04    1.11465020e-02    7.99351233e-03    7.99351233e-03   -3.41109075e-05  -3.41109075e-05    1.39788792e+00
 1.11425046e+04    1.08695044e-02    7.79486850e-03    7.79486850e-03   -3.32632299e-05  -3.32632299e-05    1.39788792e+00
 1.16891890e+04    1.06121816e-02    7.61033410e-03    7.61033410e-03   -3.24757618e-05  -3.24757618e-05    1.39788792e+00
 1.22358733e+04    1.03723096e-02    7.43831422e-03    7.43831422e-03   -3.17416973e-05  -3.17416973e-05    1.39788792e+00
 1.30504521e+04    1.00432647e-02    7.20234564e-03    7.20234564e-03   -3.07347429e-05  -3.07347429e-05    1.39788792e+00
 1.38650309e+04    9.74367159e-03    6.98749785e-03    6.98749785e-03   -2.98179177e-05  -2.98179177e-05    1.39788792e+00
 1.46796096e+04    9.46938340e-03    6.79079703e-03    6.79079703e-03   -2.89785316e-05  -2.89785316e-05    1.39788792e+00
 1.54941884e+04    9.21702727e-03    6.60982440e-03    6.60982440e-03   -2.82062627e-05  -2.82062627e-05    1.39788792e+00
 1.62847781e+04    8.99044459e-03    6.44733473e-03    6.44733473e-03   -2.75128666e-05  -2.75128666e-05    1.39788792e+00
